# oST version 5.0 parameters


[image]

width
300

height
300

[narrow_stereo]

camera matrix
425.073057 0.000000 142.786405
0.000000 424.481343 158.259233
0.000000 0.000000 1.000000

distortion
0.071643 0.094499 0.007396 -0.005213 0.000000

rectification
1.000000 0.000000 0.000000
0.000000 1.000000 0.000000
0.000000 0.000000 1.000000

projection
434.281433 0.000000 141.512835 0.000000
0.000000 433.066254 158.918001 0.000000
0.000000 0.000000 1.000000 0.000000

